10,2
0.115234
0.277654
0.219610
0.063671
0.104565
-0.209625
-0.093078
-0.395424
-0.166928
0.041343
-0.349390
0.067041
-0.100827
-0.259341
-0.466640
-0.765050
-0.176254
0.104737
0.254193
-0.129760
-0.230879
-0.029150
-0.448183
0.015324
-0.407002
0.545535
0.144660
-0.117292
0.138126
-0.315023
0.143126
-0.025847
-0.140967
-0.579729
0.326984
-0.048110
-0.372621
-0.457005
0.299731
0.370401
0.169582
0.207267
0.389467
0.225581
-0.096321
0.192938
0.569359
-0.317094
0.116343
-0.041024
0.200723
0.721544
0.413394
0.233557
-0.288914
0.113617
-0.335261
0.127717
0.436669
0.599060
-0.113305
0.134438
-0.079606
-0.429573
0.148428
0.054041
-0.097923
-0.038875
0.043121
0.445870
-0.140836
-0.381772
-0.250067
-0.012734
0.623698
-0.106578
-0.269736
-0.130657
-0.032302
-0.027496
-0.439907
0.244287
0.129819
0.469180
-0.071589
0.250754
-0.142308
0.638174
-0.153678
-0.100454
0.302310
-0.128398
-0.204272
0.019749
0.014486
0.878824
0.227185
-0.226992
-0.211550
0.241439
